1
2
3
4
5
6
4
7
8
9
10
11
12
13
14
9
15
16
17
-999
18
19
-999
-999
-999
20
21
-999
22
23
-999
24
25
26
27
28
-999
-999
-999
-999
29
-999
-999
30
31
-999
-999
-999
-999
-999
-999
32
33
34
-999
-999
-999
35
36
-999
-999
-999
37
-999
38
35
39
40
-999
41
42
42
43
44
45
-999
46
47
-999
-999
48
-999
49
-999
50
51
52
44
53
54
55
56
-999
57
58
-999
59
60
61
62
-999
63
64
65
66
67
68
-999
69
70
71
72
73
74
75
76
-999
77
78
79
79
80
81
51
-999
-999
82
83
-999
84
-999
85
-999
-999
-999
-999
86
87
52
88
89
90
91
92
42
93
94
95
42
96
-999
97
97
85
98
42
99
100
44
-999
-999
-999
101
49
49
102
36
103
-999
-999
-999
-999
