8	8	4	4	-999	-999	1	1
8	8	4	10	-999	-999	2	2
8	9	4	4	-999	-999	1	1
8	8	4	10	-999	-999	1	1
8	8	4	8	1	1	1	1
8	8	4	10	-999	-999	1	1
8	8	4	4	-999	-999	1	1
8	8	-999	-999	1	1	1	1
8	8	4	4	-999	-999	1	1
8	8	4	4	-999	-999	1	1
8	8	4	10	-999	-999	1	1
8	11	4	10	-999	-999	1	1
8	8	7	4	1	1	1	1
8	8	7	4	1	1	1	1
8	8	4	4	-999	-999	3	3
8	8	4	8	-999	-999	1	1
8	16	7	4	-999	-999	4	4
8	8	4	4	1	2	1	1
8	8	4	10	-999	-999	1	1
5	6	3	4	-999	-999	-999	-999
8	8	4	11	-999	-999	5	6
8	8	4	4	-999	-999	1	1
8	8	7	4	-999	-999	7	7
8	8	7	7	1	3	7	8
8	8	4	4	-999	-999	9	1
8	8	4	4	1	1	1	1
8	8	7	4	-999	-999	-999	-999
-999	-999	7	4	-999	-999	8	1
8	8	7	4	-999	-999	8	10
8	8	7	4	-999	-999	1	1
8	8	7	7	1	1	11	1
8	8	7	4	-999	-999	1	1
8	8	4	4	-999	-999	1	1
8	8	4	4	-999	-999	1	1
8	11	4	4	-999	-999	1	1
8	11	4	4	-999	-999	1	1
1	1	1	1	-999	-999	-999	-999
8	8	4	4	-999	-999	1	1
-999	-999	4	4	-999	-999	12	1
8	8	4	4	-999	-999	1	1
8	8	4	10	-999	-999	1	13
8	8	4	4	-999	-999	13	14
8	8	4	4	-999	-999	-999	-999
8	8	4	4	-999	-999	1	1
6	8	7	4	-999	-999	15	16
8	8	4	4	-999	-999	1	1
8	8	4	4	-999	-999	1	1
8	8	4	4	-999	-999	17	18
8	8	4	4	-999	-999	1	1
8	8	4	10	-999	-999	1	1
8	8	4	4	-999	-999	1	1
8	8	4	4	1	1	1	1
8	8	4	4	-999	-999	1	14
8	8	4	4	-999	-999	-999	-999
8	8	4	4	-999	-999	-999	-999
8	8	7	4	-999	-999	5	1
8	8	4	4	-999	-999	1	1
7	8	7	4	-999	-999	8	10
8	8	4	10	-999	-999	1	1
8	8	7	4	1	1	11	1
8	8	7	7	-999	-999	1	1
8	8	7	4	-999	-999	1	1
8	8	7	4	-999	-999	-999	-999
8	8	7	4	-999	-999	-999	-999
8	8	7	4	-999	-999	-999	-999
-999	-999	1	1	-999	-999	19	19
8	8	7	11	-999	-999	5	5
8	12	4	4	-999	-999	1	1
8	8	4	11	-999	-999	5	1
8	8	7	7	-999	-999	1	1
8	8	11	11	-999	-999	1	1
-999	-999	11	11	4	5	5	5
8	8	4	4	6	7	1	1
8	8	7	4	-999	-999	1	20
8	8	4	11	-999	-999	1	1
8	13	7	10	-999	-999	1	1
8	8	7	11	-999	-999	1	1
8	8	7	7	-999	-999	5	5
8	8	11	11	-999	-999	1	1
-999	-999	1	1	8	9	21	22
8	8	4	11	-999	-999	1	1
-999	-999	7	13	-999	-999	4	4
8	8	7	7	-999	-999	4	4
8	8	7	4	-999	-999	5	1
8	8	7	7	1	1	1	1
8	8	7	7	-999	-999	1	1
8	8	4	9	1	10	1	1
8	8	7	4	11	11	1	1
8	8	4	4	-999	-999	1	1
9	9	7	4	-999	-999	1	1
-999	-999	-999	-999	11	11	23	23
8	8	4	4	11	11	1	1
8	8	7	4	-999	-999	1	1
8	8	4	10	-999	-999	-999	-999
8	8	7	4	-999	-999	4	4
8	8	4	11	-999	-999	1	1
17	17	14	14	-999	-999	-999	-999
8	8	4	4	-999	-999	1	1
8	8	11	11	-999	-999	5	1
8	8	7	4	2	12	1	1
8	8	7	7	-999	-999	5	1
8	8	7	7	-999	-999	5	1
8	15	4	4	-999	-999	-999	-999
8	8	4	4	-999	-999	1	1
8	8	7	4	1	1	1	1
8	8	7	7	-999	-999	1	1
3	4	2	2	-999	-999	25	26
8	8	4	4	-999	-999	-999	-999
8	8	7	7	-999	-999	5	5
8	8	7	4	-999	-999	1	1
8	8	7	11	1	1	5	1
8	8	7	7	1	1	1	1
8	8	7	7	4	1	1	1
8	8	7	7	4	13	5	5
8	8	7	4	-999	-999	5	1
8	8	7	11	-999	-999	5	1
8	8	7	11	-999	-999	5	5
8	8	7	7	1	1	5	1
8	8	7	7	1	1	1	1
8	8	7	13	-999	-999	1	1
8	8	7	4	1	1	5	1
8	8	7	4	-999	-999	1	1
8	10	7	7	-999	-999	1	13
8	8	11	11	-999	-999	5	1
8	8	7	7	-999	-999	1	1
8	8	7	7	-999	-999	1	1
8	8	11	11	1	2	5	1
8	8	7	11	1	1	1	1
-999	-999	11	11	-999	-999	6	1
8	8	4	4	-999	-999	5	1
8	8	7	4	-999	-999	5	5
8	8	7	11	-999	-999	1	1
8	8	12	11	-999	-999	1	1
8	8	7	7	-999	-999	1	1
8	8	7	11	1	1	5	1
8	8	7	7	-999	-999	5	4
8	8	-999	-999	1	3	5	1
8	8	7	7	1	14	5	1
8	8	7	7	-999	-999	1	1
14	14	4	4	-999	-999	1	1
8	8	10	10	-999	-999	1	1
8	8	7	11	1	1	1	1
8	8	7	7	-999	-999	1	1
8	8	7	7	-999	-999	1	1
8	8	-999	-999	-999	-999	4	1
8	8	7	13	-999	-999	4	1
8	8	7	4	-999	-999	27	28
1	2	-999	-999	-999	-999	9	10
8	8	11	11	1	1	1	1
8	8	7	7	1	1	1	1
5	6	5	6	-999	-999	8	10
7	8	6	7	-999	-999	8	9
8	8	-999	-999	-999	-999	29	4
8	8	7	11	1	1	5	1
7	8	6	7	-999	-999	9	11
8	8	7	4	-999	-999	1	1
