-43.471362986331 -8.97502473314433
-48.4040955623742 -9.78907042441372
-42.8343322878302 -11.1534986291479
-48.557954245613 -12.2521919093105
-48.2607980806636 -12.1992988784817
-48.6221077693183 -12.0979564505882
-48.4074835428758 -12.0509374775478
-48.2755301035498 -12.258620781174
-48.2936627141455 -12.0061889394904
-48.5188713800883 -12.1232311451361
-48.3675915831257 -12.4845783315153
-48.3702314012474 -12.1020777635761
-48.4647409132006 -12.1979244534644
-48.517315993274 -12.3275732530068
-48.2835900347702 -12.2694263993083
-48.3060585043416 -12.3562266618731
-48.4225484231277 -12.2094077251871
-48.456614740265 -12.0631627806482
-48.1956365478248 -12.2081590769133
-36.6570454150933 -7.62385588590411
-36.5299906506723 -9.64613467410557
-34.9645178999253 -6.7888600173321
-36.9133818252374 -10.9520969080447
-42.8865912287909 -6.92046113581567
-52.2095099119657 -12.6230689416198
-44.1125877393616 -17.3096993207698
-34.8855409754432 -6.98893222432658
-34.7536123395656 -7.09051513949949
-34.7000913961782 -7.1837419188682
-34.8296769608968 -7.30996468894724
-55.6746026671493 -15.0457225926067
-55.8950146594319 -14.858555845086
-56.0292592020008 -14.8090534355571
-55.6829104364618 -14.7108380452111
-42.8655414888001 -11.0073838696514
-48.3291926444173 -9.61646676531475
-48.317916969968 -9.53351414787996
-48.2449371431386 -9.96952130903903
-48.1988120865673 -9.94936494589731
-48.5687239009086 -9.82634495433833
-48.5944497983102 -9.57484361019399
-48.3309022541754 -9.67793576817442
-48.1269791053738 -9.80401120115951
-48.4939296369804 -9.98380950014055
-48.224193337273 -10.2610538278049
-42.6832466160749 -10.9920250617389
-47.897988107279 -7.07443695255771
-46.8970311640505 -11.7718081128784
-46.9130308598023 -11.5429194994737
-46.9534499184437 -11.4680802681484
-44.6431444443526 -18.7918459513621
-44.211549780091 -15.1851724246512
-42.1600373227644 -14.9243948538133
-41.1006694594779 -13.5932549484994
-42.7428541292195 -8.81176701949875
-42.5777134703697 -8.61427084408201
-42.5441182249217 -8.71577257784515
-43.0432254759591 -15.3845345540624
-45.1433847132959 -8.7946909190903
-42.6731102110882 -10.995987554237
-44.3192520353707 -18.5349344778969
-57.784630160166 -18.8838989788707
-57.6899716841034 -19.1674519738359
-55.8729396090194 -14.7463720487428
-59.9848591817169 -14.8232089437362
-60.1494327516845 -14.9792730550473
-40.8920968796172 -3.53152363851337
-43.5657356853183 -9.27847046689969
-38.8226276040079 -7.12326457643356
-43.3970915857935 -9.30412061007693
-35.026151499838 -5.70881430526908
-35.1604834989421 -6.46660983649012
-35.1317273388848 -6.25982359823991
-35.3699091846462 -5.65777327599182
-42.7479935436836 -8.97284448176693
-42.7415260359971 -8.52274548618194
-42.8195572946467 -8.66217255434994
-42.9322729572201 -8.70644614071161
-35.8611277148196 -5.36359062646354
-35.6403572622023 -5.38917840253495
-35.2466792559322 -5.60563657587405
-37.054610826167 -8.75111640172483
-36.9355735266337 -8.57426892486339
-35.3713912700918 -6.16489387090882
-35.1913105722031 -5.70232793032879
-39.3325540796026 -3.57079128411802
-40.2844689792709 -4.43899024861245
-37.2884568027221 -6.68978444713224
-46.4334487617175 -13.7770248538161
-46.1855104959018 -10.8110720014452
-47.8163488664116 -15.7851836467941
-48.0803614875613 -12.8742102148624
-46.5152170736269 -13.3919044046941
-46.3096945050716 -10.6187830555843
-46.4991250829478 -10.7083613129434
-44.8240087650992 -17.4348577397265
-45.1806535043934 -17.3090902318365
-44.8356294882257 -17.2271806593355
-45.1790957405743 -17.2336928501393
-48.1169703534634 -15.9056680947547
-48.1018870334052 -15.491940199602
-47.3175690220642 -7.04509306445818
-47.4555145748864 -6.98544312317956
-47.2488066443476 -6.82646194198219
-48.5223075740875 -11.7244567583265
-48.6625028475824 -12.0263183890085
-48.6254239448757 -11.8787835825273
-46.6568184271693 -13.094635838281
-35.3831857580474 -6.83870128493567
-56.6438029391645 -21.3625040437706
-56.4439627313474 -21.0585837916384
-41.5679691000645 -4.01672816165949
-41.5816356431263 -4.31734612310532
-34.9956409791733 -6.54464325423163
-52.276049156265 -14.8365040760106
-51.7576611024218 -12.9730596466014
-47.8973817425691 -15.6121940953607
-51.8875371644628 -19.6870264150807
-43.1466377284107 -11.8032805274302
-39.4097849191286 -3.73635993247803
-39.041170178672 -3.11272652042123
-39.2726236263911 -3.03786858464616
-39.2244193832079 -3.09861139303564
-39.3940927111466 -3.32631104779454
-38.6796701152066 -3.66713134025367
-37.067252980293 -5.42677652281047
-37.1818328107281 -5.5739172934954
-37.0532743326428 -5.79682292222781
-37.2071828462456 -5.56615452565523
-37.2518341461934 -5.50090988671211
-37.215621369173 -5.50422914714357
-37.3160415619884 -5.50960304987887
-37.3013877783476 -5.58119927769797
-37.1436904881654 -5.52094717805078
-37.1838884891283 -5.40999184797322
-37.4091325280994 -5.42187193121565
-38.4351008162513 -3.67949471548718
-35.1740332056079 -6.02954382698912
-36.6031183399846 -6.00578238367708
-36.9610156644877 -6.65927028107305
-37.6574557230324 -6.64627019846562
-39.0129294675758 -7.08587138936084
-38.6929119932649 -6.88625456254357
-38.0926864688971 -6.9644227840087
-38.3614402925918 -6.92649207974892
-36.7471176998714 -6.4165276296515
-38.3727543760935 -6.88670819135873
-39.1773260789198 -7.54487595380392
-38.9055865117555 -7.54466208151184
-35.9155076701229 -5.60702755330063
-42.0847965853175 -6.75172069304564
-40.0328236382684 -8.0030923190279
-38.2584447626818 -8.16486226699822
-37.2773108410183 -6.44832428910826
-40.1913396835799 -6.50937474592599
-40.3469564460457 -6.32380682315221
-37.2352364355465 -6.64221080421061
-37.1812111461768 -6.34994484559224
-34.6609838851963 -6.93851794725444
-34.8094854774189 -7.38870648752593
-34.9128995758019 -6.98441747253921
-38.783401790719 -12.0732581073519
-41.4083292930379 -12.4668495929427
-36.1294715316059 -5.61330585895535
-37.6882214786163 -4.33814159430416
-39.2474967779438 -7.1334079033407
-40.4152636189636 -7.09099613720637
-36.9630082138995 -7.55361073618346
-35.446441536847 -5.93743553936548
-37.749889884857 -4.60388337726557
-51.9798796306953 -13.1569490853488
-36.3518321504596 -7.29533216763826
-999 -999
-999 -999
-999 -999
-999 -999
-999 -999
-999 -999
-999 -999
-999 -999
-999 -999
-999 -999
-999 -999
-999 -999
-999 -999
-999 -999
-999 -999
-999 -999
-999 -999
-999 -999
-999 -999
-999 -999
-999 -999
-999 -999
-999 -999
-999 -999
-999 -999
-999 -999
-999 -999
-999 -999
-999 -999
-999 -999
-999 -999
-999 -999
-999 -999
-999 -999
-999 -999
-999 -999
-999 -999
-999 -999
-999 -999
-999 -999
-999 -999
-999 -999
-999 -999
-999 -999
-999 -999
-999 -999
-999 -999
-999 -999
-999 -999
-999 -999
-999 -999
-999 -999
-999 -999
-999 -999
-999 -999
-999 -999
-999 -999
-999 -999
-999 -999
-999 -999
-999 -999
-999 -999
-999 -999
-999 -999
-999 -999
-999 -999
-999 -999
-999 -999
-999 -999
-999 -999
-999 -999
-999 -999
-999 -999
-999 -999
-999 -999
-999 -999
-999 -999
-999 -999
-999 -999
-999 -999
-999 -999
-999 -999
-999 -999
-999 -999
-999 -999
-999 -999
-999 -999
-999 -999
-999 -999
-999 -999
-999 -999
-999 -999
-999 -999
-999 -999
-999 -999
-999 -999
-999 -999
-999 -999
-999 -999
-999 -999
-999 -999
-999 -999
-999 -999
-999 -999
-999 -999
-999 -999
-999 -999
-999 -999
-999 -999
-999 -999
-999 -999
-999 -999
-999 -999
-999 -999
-999 -999
-999 -999
-999 -999
-999 -999
-999 -999
-999 -999
-999 -999
-999 -999
-999 -999
-999 -999
-999 -999
-999 -999
-999 -999
-999 -999
-999 -999
-999 -999
-999 -999
-999 -999
-999 -999
-999 -999
-999 -999
-999 -999
-999 -999
-999 -999
-999 -999
-999 -999
-999 -999
-999 -999
-999 -999
-999 -999
-999 -999
-999 -999
-999 -999
-999 -999
-999 -999
-999 -999
-999 -999
-999 -999
-999 -999
-999 -999
-999 -999
-999 -999
-999 -999
-999 -999
-999 -999
-999 -999
-999 -999
-999 -999
-999 -999
-999 -999
-999 -999
-999 -999
-999 -999
-999 -999
-999 -999
-999 -999
-999 -999
-999 -999
-999 -999
-999 -999
-999 -999
-999 -999
-999 -999
-999 -999
-999 -999
-999 -999
-999 -999
-999 -999
-999 -999
-999 -999
-999 -999
-999 -999
-999 -999
-999 -999
-999 -999
-999 -999
-999 -999
-999 -999
-999 -999
-999 -999
-999 -999
-999 -999
-999 -999
-999 -999
-999 -999
-999 -999
-999 -999
-999 -999
-999 -999
-999 -999
-999 -999
-999 -999
-999 -999
-999 -999
-999 -999
-999 -999
-999 -999
-999 -999
-999 -999
-999 -999
-999 -999
-999 -999
-999 -999
-999 -999
-999 -999
-999 -999
-999 -999
-999 -999
-999 -999
-999 -999
-999 -999
-999 -999
-999 -999
-999 -999
-999 -999
-999 -999
-999 -999
-999 -999
-999 -999
-999 -999
-999 -999
-999 -999
-999 -999
-999 -999
-999 -999
-999 -999
-999 -999
-999 -999
-999 -999
-999 -999
-999 -999
-999 -999
-999 -999
-999 -999
-999 -999
-999 -999
-999 -999
-999 -999
-999 -999
-999 -999
-999 -999
-999 -999
-999 -999
-999 -999
-999 -999
-999 -999
-999 -999
-999 -999
-999 -999
-999 -999
-999 -999
-999 -999
-999 -999
-999 -999
-999 -999
-999 -999
-999 -999
-999 -999
-999 -999
-999 -999
-999 -999
-999 -999
-999 -999
-999 -999
-999 -999
-999 -999
-999 -999
-999 -999
-999 -999
-999 -999
-999 -999
-999 -999
-999 -999
-999 -999
-999 -999
-999 -999
-999 -999
-999 -999
-999 -999
-999 -999
-999 -999
-999 -999
-999 -999
-999 -999
-999 -999
-999 -999
-999 -999
-999 -999
-999 -999
-999 -999
-999 -999
-999 -999
-999 -999
-999 -999
-999 -999
-999 -999
-999 -999
-999 -999
-999 -999
-999 -999
-999 -999
-999 -999
-999 -999
-999 -999
-999 -999
-999 -999
-999 -999
-999 -999
-999 -999
-999 -999
-999 -999
-999 -999
-999 -999
-999 -999
