70
40
33
25
16
27
18
13
12
19
16
16
25
16
14
6
8
7
7
6
9
9
9
7
13
11
10
6
8
3
3
4
4
5
3
3
4
4
3
3
3
3
3
3
4
3
5
3
3
4
3
3
3
4
3
5
4
3
3
4
4
4
4
3
3
3
4
4
5
3
4
4
3
3
6
4
4
8
6
3
3
4
6
3
3
4
3
3
4
3
4
5
4
3
3
2
1
1
1
1
8
20
2
1
11
10
13
4
9
4
3
7
6
8
1
5
27
11
6
6
6
9
5
4
14
13
15
12
7
7
17
5
9
17
10
12
9
3
5
21
9
13
5
4
6
5
4
10
6
10
6
5
8
9
10
6
8
9
4
4
6
11
5
5
3
4
8
9
7
14
4
5
8
5
5
5
3
8
5
8
1
1
1
2
7
4
1
1
3
6
5
12
12
8
8
8
4
7
14
6
10
12
11
6
6
4
11
4
4
8
9
11
12
3
4
4
5
3
12
16
13
6
3
8
5
4
16
5
9
3
5
5
7
5
11
1
1
5
5
10
4
5
6
5
1
9
14
7
4
8
19
7
9
4
7
4
10
7
4
9
3
6
5
6
5
4
10
9
7
8
16
7
15
23
13
7
11
17
4
6
9
6
3
6
4
10
8
4
6
11
7
6
4
7
9
4
1
1
1
13
3
14
1
1
1
1
3
32
4
6
3
5
4
9
7
8
42
7
5
11
4
7
10
15
13
15
6
8
4
4
4
5
3
3
6
5
12
6
9
6
6
7
4
6
5
10
6
3
15
5
4
36
10
6
9
9
11
7
6
11
7
4
4
5
6
5
14
5
6
8
5
10
8
13
7
12
11
1
11
8
8
8
6
20
51
8
10
12
3
7
13
8
11
2
20
38
69
10
7
5
5
11
9
7
4
8
1
4
7
6
5
9
7
4
11
4
9
8
5
7
5
7
3
5
12
5
3
12
3
19
11
7
5
5
7
11
13
5
14
6
7
2
18
1
7
11
6
5
6
3
7
10
5
10
8
9
8
15
4
3
4
7
17
4
7
7
6
19
4
5
3
5
4
3
4
4
7
5
8
14
3
10
16
8
9
4
9
5
4
3
9
15
4
3
14
5
6
8
13
17
2
4
4
8
8
9
6
4
4
4
9
4
6
4
5
9
5
9
7
5
5
5
7
8
6
15
14
6
5
7
8
21
19
7
9
5
17
2
11
11
3
15
14
1
10
17
5
5
3
9
6
16
12
9
26
5
3
10
5
7
13
9
7
4
5
3
11
11
10
8
8
7
8
5
12
4
8
7
6
7
5
8
17
24
4
5
13
13
4
5
3
3
11
8
4
8
4
4
10
12
5
12
6
12
4
7
12
10
12
1
2
9
6
1
2
11
4
5
3
5
7
16
11
18
3
14
8
15
32
8
9
7
9
6
3
7
4
11
2
1
12
11
1
8
8
28
7
5
5
10
4
3
4
4
8
4
11
4
20
4
7
8
6
5
15
3
12
8
4
6
8
9
1
4
1
7
5
5
12
1
7
11
3
8
1
1
39
2
1
3
1
1
1
7
6
5
10
6
9
5
3
3
6
8
7
14
3
10
8
10
7
1
1
1
1
3
1
5
1
1
5
7
9
12
6
7
4
6
5
8
5
13
11
27
29
4
7
9
11
15
26
21
15
12
19
18
11
18
15
16
14
18
12
12
18
13
31
19
18
13
15
12
10
14
16
15
12
21
19
13
13
22
20
18
10
24
10
15
18
13
14
15
19
11
20
18
17
15
14
12
7
15
14
21
9
13
7
7
25
13
13
18
10
12
10
13
18
18
14
13
12
24
21
16
24
16
14
18
8
8
11
9
23
12
17
13
13
10
13
10
8
10
10
8
13
16
7
8
13
14
8
16
11
9
10
8
20
16
12
9
12
14
11
12
13
10
10
18
12
16
14
12
9
8
12
10
11
9
22
11
27
18
15
21
17
11
16
9
17
9
17
8
9
18
15
15
12
17
13
14
7
17
9
13
10
8
8
9
13
14
19
16
24
13
13
14
19
6
12
12
11
14
14
19
14
22
10
14
17
7
14
17
18
13
11
8
18
15
10
10
8
10
11
24
15
17
16
14
19
10
19
12
12
18
11
10
11
9
18
10
11
11
12
9
7
16
13
12
12
13
25
13
10
8
10
12
14
13
13
18
14
13
27
15
19
16
8
21
11
15
8
14
19
24
9
10
14
8
11
7
11
18
12
22
32
13
11
14
9
12
